,pre_pt_root_id
0,648518346480786912
1,648518346504777587
2,648518346472310834
3,648518346503916128
4,648518346475807714
5,648518346478664788
6,648518346489573207
7,648518346478901712
8,648518346481497281
9,648518346487667179
10,648518346509501827
11,648518346499891340
12,648518346507138376
13,648518346518672607
14,648518346483226532
15,648518346518279510
16,648518346499424743
17,648518346494274951
18,648518346477524188
19,648518346513903385
20,648518346514279390
21,648518346489650124
22,648518346494305906
23,648518346475470004
24,648518346481775549
25,648518346493141056
26,648518346493578609
27,648518346500650675
28,648518346486134920
29,648518346498472688
30,648518346495700880
31,648518346501836394
32,648518346477659031
33,648518346495716752
34,648518346494726059
35,648518346499793107
36,648518346500776553
37,648518346481281125
38,648518346497538806
39,648518346496109068
40,648518346531123482
41,648518346487290282
42,648518346487696107
43,648518346491931436
44,648518346492941042
45,648518346517453892
46,648518346459598852
47,648518346480712672
48,648518346502340775
49,648518346513921305
50,648518346495850315
51,648518346491596712
52,648518346501713737
53,648518346478053077
54,648518346497713142
55,648518346497622518
56,648518346511777471
57,648518346524159237
58,648518346476760080
59,648518346486599117
60,648518346498079130
61,648518346489858743
62,648518346493591665
63,648518346501320024
64,648518346501764714
65,648518346501832554
66,648518346489779127
67,648518346475412065
68,648518346480685533
69,648518346511920063
70,648518346476693264
71,648518346500738972
72,648518346494921866
73,648518346495880011
74,648518346491005048
75,648518346517715560
76,648518346493053426
77,648518346475147064
78,648518346499829388
79,648518346510960770
80,648518346488848397
81,648518346494325269
82,648518346489772887
83,648518346480133030
84,648518346470309374
85,648518346459520004
86,648518346500565427
87,648518346490882081
88,648518346470346238
89,648518346518572767
90,648518346492458683
91,648518346489369708
92,648518346517438244
93,648518346504153324
94,648518346488790001
95,648518346493966839
96,648518346472167218
97,648518346496825752
98,648518346509133434
99,648518346486616781
100,648518346499303655
101,648518346499176030
102,648518346483521455
103,648518346480257339
104,648518346494625781
105,648518346478779344
106,648518346482717414
107,648518346486183522
108,648518346492372153
109,648518346503920590
110,648518346486152352
111,648518346486183304
112,648518346497698151
113,648518346510931586
114,648518346517643368
115,648518346485807556
116,648518346491753583
117,648518346489423212
118,648518346507038024
119,648518346496163959
120,648518346496964012
121,648518346509018234
122,648518346475784418
123,648518346494730667
124,648518346492991152
125,648518346481494943
126,648518346492176255
127,648518346485645950
128,648518346485765060
129,648518346488512590
130,648518346495287887
131,648518346496855192
132,648518346477796053
133,648518346499996678
134,648518346493704817
135,648518346480214075
136,648518346479726324
137,648518346492770478
138,648518346515055943
139,648518346479708404
140,648518346459693060
141,648518346489888283
142,648518346499877587
143,648518346514032921
144,648518346515433210
145,648518346491459496
146,648518346517613160
147,648518346472982628
148,648518346481633725
149,648518346493969465
150,648518346476867528
151,648518346487609666
152,648518346487781911
153,648518346487354026
154,648518346494792586
155,648518346499690892
156,648518346472251186
157,648518346488768234
158,648518346480845056
159,648518346496695524
160,648518346500350168
161,648518346520612150
162,648518346496641076
163,648518346497168664
164,648518346500703081
165,648518346496734253
166,648518346497897370
167,648518346493903115
168,648518346523998981
169,648518346490473469
170,648518346459681796
171,648518346502749171
172,648518346486561071
173,648518346475224929
174,648518346494579883
175,648518346494744491
176,648518346466919406
177,648518346481509279
178,648518346485817796
179,648518346492490683
180,648518346520017233
181,648518346485760708
182,648518346476980936
183,648518346485793988
184,648518346481234063
185,648518346489632460
186,648518346503852384
187,648518346474401218
188,648518346483527087
189,648518346483943965
190,648518346498315569
191,648518346501770090
192,648518346515109959
193,648518346479825046
194,648518346483594671
195,648518346489441900
196,648518346500236348
197,648518346524008453
198,648518346479771877
199,648518346480776448
200,648518346507132959
201,648518346507275129
202,648518346515586378
203,648518346466923758
204,648518346496396924
205,648518346502963443
206,648518346503563169
207,648518346500928361
208,648518346485805764
209,648518346493047282
210,648518346507123743
211,648518346478473844
212,648518346483147172
213,648518346488543822
214,648518346503911630
215,648518346501660489
216,648518346501086307
217,648518346472919396
218,648518346481626527
219,648518346486104162
220,648518346509757242
221,648518346484402947
222,648518346502979963
223,648518346474348738
224,648518346495435938
225,648518346498258770
226,648518346491925615
227,648518346494742005
228,648518346475736802
229,648518346495523947
230,648518346478454900
231,648518346499136862
232,648518346475390132
233,648518346490023963
234,648518346507219999
235,648518346489897499
236,648518346493006834
237,648518346504456940
238,648518346480944128
239,648518346492203971
240,648518346499898067
241,648518346499689868
242,648518346495942502
243,648518346491963154
244,648518346472175922
245,648518346488428425
246,648518346486617084
247,648518346496188791
248,648518346498307860
249,648518346478556500
250,648518346476823752
251,648518346486658457
252,648518346498948929
253,648518346479102865
254,648518346494636459
255,648518346474455746
256,648518346488460984
257,648518346493034780
258,648518346498376176
259,648518346474413250
260,648518346504284908
261,648518346496164215
262,648518346481212815
263,648518346479276498
264,648518346493905952
265,648518346492421049
266,648518346472927588
267,648518346478491508
268,648518346487385258
269,648518346494703267
270,648518346496237909
271,648518346486491105
272,648518346495420578
273,648518346484587853
274,648518346497042049
275,648518346493068352
276,648518346513890841
277,648518346501358691
278,648518346500502963
279,648518346495740747
280,648518346489540879
281,648518346513833753
282,648518346481252751
283,648518346477792749
284,648518346511103541
285,648518346483058340
286,648518346490237788
287,648518346488497848
288,648518346514066987
289,648518346464944245
290,648518346480277462
291,648518346514055467
292,648518346507153439
293,648518346486605564
294,648518346511814079
295,648518346484040743
296,648518346479704564
297,648518346501200472
298,648518346464968565
299,648518346476796176
300,648518346494517667
301,648518346494725795
302,648518346486585497
303,648518346493807758
304,648518346493971447
305,648518346494690226
306,648518346490530045
307,648518346497841818
308,648518346500936470
309,648518346478550356
310,648518346512484766
311,648518346514245319
312,648518346480662237
313,648518346475377844
314,648518346490497277
315,648518346465118069
316,648518346494085623
317,648518346518221398
318,648518346531141146
319,648518346491529233
320,648518346499232094
321,648518346503852640
322,648518346482759845
323,648518346472166962
324,648518346509044090
325,648518346472925284
326,648518346486485473
327,648518346479177404
328,648518346477884653
329,648518346486153120
330,648518346509679817
331,648518346494232199
332,648518346502337703
333,648518346489661235
334,648518346486066345
335,648518346493614840
336,648518346515464698
337,648518346510931842
338,648518346502743795
339,648518346494753714
340,648518346475224417
341,648518346486606307
342,648518346490877304
343,648518346486606076
344,648518346487876688
345,648518346491437630
346,648518346474343362
347,648518346478552916
348,648518346482749605
349,648518346513738009
350,648518346476812560
351,648518346531192602
352,648518346472924004
353,648518346493801102
354,648518346488660573
355,648518346488631118
356,648518346487301267
357,648518346481386127
358,648518346511860778
359,648518346484550813
360,648518346477660380
361,648518346488944617
362,648518346488958698
363,648518346504289260
364,648518346501184344
365,648518346489184345
366,648518346489421164
367,648518346513149265
368,648518346493874745
369,648518346509606714
370,648518346494481207
371,648518346495891302
372,648518346494700533
373,648518346486548145
374,648518346489538265
375,648518346514066398
376,648518346497737063
377,648518346481211535
378,648518346523995653
379,648518346494647723
380,648518346490293224
381,648518346480794333
382,648518346501096589
383,648518346506681634
384,648518346485818820
385,648518346489850586
386,648518346515094343
387,648518346513692202
388,648518346490220636
389,648518346475804837
390,648518346517262660
391,648518346476900808
392,648518346487376810
393,648518346475161765
394,648518346489947675
395,648518346513124433
396,648518346490713408
397,648518346492499897
398,648518346484026151
399,648518346477614862
400,648518346511116418
401,648518346514065118
402,648518346479774870
403,648518346492105004
404,648518346503086715
405,648518346486288032
406,648518346488285423
407,648518346500484019
408,648518346502391366
409,648518346481000282
410,648518346481374607
411,648518346495304630
412,648518346480213926
413,648518346490115793
414,648518346505350558
415,648518346480874720
416,648518346490534909
417,648518346495342518
418,648518346486532740
419,648518346487433875
420,648518346499735180
421,648518346486532785
422,648518346483280204
423,648518346517263914
424,648518346500829289
425,648518346481370511
426,648518346488758877
427,648518346486090850
428,648518346477529870
429,648518346486165929
430,648518346499156033
431,648518346518617567
432,648518346478569812
433,648518346487401130
434,648518346490274058
435,648518346502316614
436,648518346474569381
437,648518346485774788
438,648518346489923290
439,648518346499721171
440,648518346518257494
441,648518346494127929
442,648518346498179410
443,648518346512092974
444,648518346475162424
445,648518346478816464
446,648518346494786805
447,648518346506517406
448,648518346503447457
449,648518346492296889
450,648518346491760751
451,648518346480690400
452,648518346483087692
453,648518346501131363
454,648518346480864346
455,648518346511753809
456,648518346478646868
457,648518346507115807
458,648518346490274314
459,648518346499070046
460,648518346479777765
461,648518346488414857
462,648518346488488888
463,648518346492487355
464,648518346504112168
465,648518346495754827
466,648518346499401563
467,648518346484212519
468,648518346488817933
469,648518346517157157
470,648518346472435465
471,648518346495891558
472,648518346501964873
473,648518346511664752
474,648518346487832400
475,648518346487978320
476,648518346489553605
477,648518346472382217
478,648518346499399259
479,648518346487335082
480,648518346526212567
481,648518346500441916
482,648518346478558804
483,648518346494223495
484,648518346493037084
485,648518346477737367
486,648518346490116305
487,648518346514200542
488,648518346524009477
489,648518346481332325
490,648518346494921906
491,648518346507529849
492,648518346479896308
493,648518346489760972
494,648518346492351171
495,648518346465091445
496,648518346479780069
497,648518346488821261
498,648518346478033109
499,648518346479155900
500,648518346480322619
501,648518346487877399
502,648518346501905481
503,648518346501403480
504,648518346488821005
505,648518346467239175
506,648518346488606221
507,648518346506038686
508,648518346484022045
509,648518346504422892
510,648518346493949216
511,648518346494363013
512,648518346480682208
513,648518346488448078
514,648518346497784935
515,648518346482049428
516,648518346480864602
517,648518346492922396
518,648518346486653901
519,648518346465961520
520,648518346478752340
521,648518346499138139
522,648518346501804105
523,648518346495794064
524,648518346495794064
525,648518346495794064
526,648518346495794064
527,648518346495794064
528,648518346495794064
529,648518346495794064
530,648518346495794064
531,648518346491390526
532,648518346499938815
533,648518346465928496
534,648518346486128809
535,648518346486703331
536,648518346496399957
537,648518346480941402
538,648518346474295917
539,648518346492260479
540,648518346496851864
541,648518346466807918
542,648518346481466305
543,648518346507072670
544,648518346501123862
545,648518346484680349
546,648518346486427313
547,648518346502677235
548,648518346515599610
549,648518346488214511
550,648518346514482631
551,648518346464884853
552,648518346494102642
553,648518346471718811
554,648518346488823025
555,648518346491030051
556,648518346486449455
557,648518346493683432
558,648518346507210568
559,648518346489426796
560,648518346492712110
561,648518346488400056
562,648518346492569275
563,648518346510855042
564,648518346475376052
565,648518346493670888
566,648518346495683403
567,648518346514880593
568,648518346516337706
569,648518346509182762
570,648518346487105256
571,648518346496850092
572,648518346506559010
573,648518346506191262
574,648518346486025352
575,648518346475755429
576,648518346470385918
577,648518346513051985
578,648518346486820249
579,648518346470508286
580,648518346492174975
581,648518346511121538
582,648518346485536787
583,648518346472395785
584,648518346486224520
585,648518346480873184
586,648518346475410273
587,648518346495445410
588,648518346496703460
589,648518346499502311
590,648518346478985424
591,648518346514248414
592,648518346492495289
593,648518346494140923
594,648518346477748119
595,648518346484099101
596,648518346486291104
597,648518346491297210
598,648518346495528299
599,648518346479781349
600,648518346465095797
601,648518346493760398
602,648518346500991900
603,648518346495304886
604,648518346491983727
605,648518346489760460
606,648518346475230885
607,648518346497313560
608,648518346491008547
609,648518346465096053
610,648518346498361649
611,648518346486137513
612,648518346509510787
613,648518346480351190
614,648518346489312089
615,648518346488603064
616,648518346487532714
617,648518346479879397
618,648518346531158042
619,648518346504748915
620,648518346493159744
621,648518346480108198
622,648518346486279081
623,648518346493994507
624,648518346509504131
625,648518346496768770
626,648518346465819696
627,648518346500087558
628,648518346493160000
629,648518346492274815
630,648518346473016420
631,648518346509677513
632,648518346499039809
633,648518346511910335
634,648518346491869295
635,648518346499418343
636,648518346493926798
637,648518346488055070
638,648518346483132492
639,648518346486087314
640,648518346491962898
641,648518346491547078
642,648518346472320459
643,648518346499009601
644,648518346490071067
645,648518346494089463
646,648518346488028190
647,648518346479817204
648,648518346488841053
649,648518346490193672
650,648518346486514052
651,648518346487473834
652,648518346514282206
653,648518346490017819
654,648518346514160427
655,648518346526171095
656,648518346494899378
657,648518346499088449
658,648518346513921817
659,648518346514153515
660,648518346500416060
661,648518346515689802
662,648518346494064891
663,648518346503887968
664,648518346495684203
665,648518346473012580
666,648518346477561308
667,648518346465929776
668,648518346487922256
669,648518346487375786
670,648518346521500153
671,648518346518387030
672,648518346495690640
673,648518346510990210
674,648518346483584405
675,648518346501249368
676,648518346472403147
677,648518346486171234
678,648518346512502174
679,648518346479316690
680,648518346496732461
681,648518346489667343
682,648518346495716496
683,648518346489375577
684,648518346499615301
685,648518346476939464
686,648518346531227418
687,648518346483592341
688,648518346521438457
689,648518346478616916
690,648518346489524933
691,648518346493933198
692,648518346479178385
693,648518346485390099
694,648518346489431237
695,648518346497020844
696,648518346502818291
697,648518346483177892
698,648518346517455908
699,648518346487995678
700,648518346526306263
701,648518346480381142
702,648518346511722096
703,648518346471832475
704,648518346501030678
705,648518346487398803
706,648518346493195584
707,648518346501848905
708,648518346489666319
709,648518346491622161
710,648518346486449073
711,648518346491386042
712,648518346499865411
713,648518346480947456
714,648518346515560186
715,648518346499049793
716,648518346502860531
717,648518346490015515
718,648518346492596411
719,648518346482212500
720,648518346502325587
721,648518346499407710
722,648518346488766477
723,648518346496102205
724,648518346498391857
725,648518346486175586
726,648518346488492681
727,648518346497649142
728,648518346487597035
729,648518346509143162
730,648518346497156737
731,648518346502341715
732,648518346515217479
733,648518346517684072
734,648518346514147294
735,648518346513884697
736,648518346489790771
737,648518346488505993
738,648518346492983472
739,648518346509742650
740,648518346481350543
741,648518346517240869
742,648518346478658132
743,648518346494308210
744,648518346479386843
745,648518346493786737
746,648518346495577250
747,648518346486794211
748,648518346486539752
749,648518346497811815
750,648518346467163143
751,648518346474173805
752,648518346487645762
753,648518346489372505
754,648518346480714461
755,648518346489659773
756,648518346478681684
757,648518346520232785
758,648518346495929034
759,648518346507131464
760,648518346497682166
761,648518346486260384
762,648518346496579964
763,648518346482656553
764,648518346502825459
765,648518346477548814
766,648518346495223222
767,648518346498394673
768,648518346487473578
769,648518346492309955
770,648518346503009403
771,648518346493195840
772,648518346500363701
773,648518346490034385
774,648518346494670507
775,648518346477656727
776,648518346496186124
777,648518346509746490
778,648518346492716219
779,648518346509534851
780,648518346495988170
781,648518346472469195
782,648518346486785177
783,648518346492975792
784,648518346497098881
785,648518346492973232
786,648518346503945422
787,648518346490927651
788,648518346490881315
789,648518346499422695
790,648518346502351443
791,648518346487671362
792,648518346531278362
793,648518346471744155
794,648518346478498164
795,648518346503920480
796,648518346491596305
797,648518346478888656
798,648518346476467830
799,648518346474542530
800,648518346493559288
801,648518346487436779
802,648518346484112935
803,648518346494036727
804,648518346494711723
805,648518346494499383
806,648518346486737891
807,648518346489941722
808,648518346470418942
809,648518346492842928
810,648518346483119780
811,648518346486682521
812,648518346479748246
813,648518346483102116
814,648518346487619028
815,648518346487605716
816,648518346487542763
817,648518346500664755
818,648518346475448704
819,648518346480546049
820,648518346496072716
821,648518346500448316
822,648518346490955555
823,648518346491367354
824,648518346524078085
825,648518346492007186
826,648518346466053936
827,648518346490013211
828,648518346503112571
829,648518346501084950
830,648518346488768269
831,648518346495238070
832,648518346503947726
833,648518346495611755
834,648518346524038917
835,648518346466727790
836,648518346477704924
837,648518346484261671
838,648518346494163335
839,648518346497014956
840,648518346489946330
841,648518346511733104
842,648518346513831961
843,648518346501821257
844,648518346531287066
845,648518346493853070
846,648518346477944021
847,648518346502288211
848,648518346491071521
849,648518346503622817
850,648518346506609186
851,648518346497761383
852,648518346510974338
853,648518346474634917
854,648518346482123668
855,648518346495922122
856,648518346502494790
857,648518346489960119
858,648518346501071382
859,648518346517540644
860,648518346489637463
861,648518346496090380
862,648518346474756261
863,648518346499756755
864,648518346481025626
865,648518346480946176
866,648518346483142220
867,648518346485943492
868,648518346493933600
869,648518346484021277
870,648518346488548792
871,648518346488682253
872,648518346499134529
873,648518346499651909
874,648518346509112186
875,648518346486894307
876,648518346485921988
877,648518346493947534
878,648518346491506374
879,648518346479342290
880,648518346486676988
881,648518346500367797
882,648518346491604648
883,648518346491866991
884,648518346511177781
885,648518346483217060
886,648518346494726315
887,648518346524103941
888,648518346494104311
889,648518346496084029
890,648518346465002357
891,648518346500054534
892,648518346489713715
893,648518346489936858
894,648518346517260837
895,648518346499866691
896,648518346494555703
897,648518346517386564
898,648518346520531510
899,648518346504809606
900,648518346494015776
901,648518346493750264
902,648518346475431860
903,648518346492959152
904,648518346491967762
905,648518346483219108
906,648518346486617549
907,648518346483215780
908,648518346498413361
909,648518346477884397
910,648518346493165084
911,648518346509087354
912,648518346524103685
913,648518346520517942
914,648518346489477829
915,648518346509851686
916,648518346492652987
917,648518346511922879
918,648518346489731379
919,648518346517261093
920,648518346493998859
921,648518346501085974
922,648518346486617293
923,648518346501883465
924,648518346494543927
925,648518346494072315
926,648518346521559289
927,648518346492637371
928,648518346511217973
929,648518346483139774
930,648518346499962623
931,648518346484712605
932,648518346495899338
933,648518346475198520
934,648518346509531523
935,648518346503917152
936,648518346475286625
937,648518346486462084
938,648518346480997978
939,648518346489337029
940,648518346515624522
941,648518346501185123
942,648518346489604439
943,648518346491640593
944,648518346496078860
945,648518346496932524
946,648518346480945920
947,648518346484153127
948,648518346486752409
949,648518346491785583
950,648518346500824988
951,648518346495729995
952,648518346480837344
953,648518346501073507
954,648518346492427449
955,648518346496803636
956,648518346483598229
957,648518346494010144
958,648518346504447468
959,648518346515579210
960,648518346502350931
961,648518346512130606
962,648518346494400277
963,648518346489663503
964,648518346465967408
965,648518346487618539
966,648518346478564212
967,648518346518683615
968,648518346493100096
969,648518346507110472
970,648518346488355567
971,648518346504760454
972,648518346489478853
973,648518346472234034
974,648518346483696047
975,648518346500300469
976,648518346495531938
977,648518346511774576
978,648518346514151390
979,648518346489332057
980,648518346499294299
981,648518346480350678
982,648518346486005128
983,648518346491561640
984,648518346493939854
985,648518346485844094
986,648518346482355604
987,648518346486617805
988,648518346466715502
989,648518346504044840
990,648518346494045175
991,648518346494345448
992,648518346459550468
993,648518346486115682
994,648518346490381916
995,648518346494540821
996,648518346488784477
997,648518346492481465
998,648518346498395668
999,648518346472454665
1000,648518346489629783
1001,648518346513913369
1002,648518346478596724
1003,648518346494003723
1004,648518346495778379
1005,648518346480067750
1006,648518346494392296
1007,648518346481038938
1008,648518346489660255
1009,648518346497567734
1010,648518346494074681
1011,648518346502427974
1012,648518346478616148
1013,648518346495896266
1014,648518346499909260
1015,648518346509431939
1016,648518346486520708
1017,648518346480375766
1018,648518346486865379
1019,648518346492244931
1020,648518346488668145
1021,648518346495853131
1022,648518346531249690
1023,648518346480778973
1024,648518346501042198
1025,648518346494701739
1026,648518346496665858
1027,648518346518297174
1028,648518346501064291
1029,648518346507188767
1030,648518346488576846
1031,648518346489775031
1032,648518346475486080
1033,648518346487529898
1034,648518346494514709
1035,648518346486759651
1036,648518346465049205
1037,648518346490238728
1038,648518346504730995
1039,648518346518641375
1040,648518346495360591
1041,648518346486101896
1042,648518346489741875
1043,648518346477833197
1044,648518346493191744
1045,648518346474106221
1046,648518346500448984
1047,648518346491058209
1048,648518346464977525
1049,648518346495924170
1050,648518346488723185
1051,648518346477562382
1052,648518346487603435
1053,648518346484160039
1054,648518346513914393
1055,648518346472402635
1056,648518346489945818
1057,648518346466973678
1058,648518346490842029
1059,648518346486149512
1060,648518346531228698
1061,648518346489473477
1062,648518346483158348
1063,648518346483981853
1064,648518346488028446
1065,648518346495661931
1066,648518346475327073
1067,648518346484600397
1068,648518346504417004
1069,648518346470371582
1070,648518346491962386
1071,648518346494718709
1072,648518346488766221
1073,648518346497165697
1074,648518346496692269
1075,648518346477517326
1076,648518346479309019
1077,648518346481421761
1078,648518346507107912
1079,648518346495530146
1080,648518346467160839
1081,648518346489493189
1082,648518346472402379
1083,648518346472203826
1084,648518346490886776
1085,648518346515112007
1086,648518346495796043
1087,648518346467175943
1088,648518346491546430
1089,648518346495766603
1090,648518346495706987
1091,648518346489364825
1092,648518346499934975
1093,648518346495578018
1094,648518346513917977
1095,648518346478656340
1096,648518346465915696
1097,648518346518281814
1098,648518346512598430
1099,648518346509978918
1100,648518346486164384
1101,648518346494550071
1102,648518346496547452
1103,648518346487572459
1104,648518346491922827
1105,648518346480970330
1106,648518346491545662
1107,648518346496711396
1108,648518346489701849
1109,648518346498208082
1110,648518346487435178
1111,648518346514394311
1112,648518346526231767
1113,648518346491631377
1114,648518346489443269
1115,648518346486472369
1116,648518346500910748
1117,648518346494056187
1118,648518346512641438
1119,648518346494205042
1120,648518346511048322
1121,648518346496601602
1122,648518346477886957
1123,648518346489680844
1124,648518346496105484
1125,648518346482668585
1126,648518346486156704
1127,648518346479239100
1128,648518346496690989
1129,648518346518666719
1130,648518346470397694
1131,648518346493991691
1132,648518346466724974
1133,648518346497209880
1134,648518346486065288
1135,648518346493076032
1136,648518346490348124
1137,648518346493225500
1138,648518346493047794
1139,648518346489319001
1140,648518346490917155
1141,648518346490837421
1142,648518346499798483
1143,648518346511042946
1144,648518346479322834
1145,648518346495519906
1146,648518346507162911
1147,648518346518663903
1148,648518346501803882
1149,648518346526162391
1150,648518346488736349
1151,648518346472404745
1152,648518346483597999
1153,648518346496520316
1154,648518346499348315
1155,648518346518340438
1156,648518346483546773
1157,648518346494014219
1158,648518346499975679
1159,648518346489998298
1160,648518346496104716
1161,648518346496767796
1162,648518346493194560
1163,648518346517241893
1164,648518346476926480
1165,648518346501086486
1166,648518346496513916
1167,648518346476551030
1168,648518346494463509
1169,648518346515186503
1170,648518346487822103
1171,648518346496840420
1172,648518346472977508
1173,648518346501176973
1174,648518346502367143
1175,648518346502422086
1176,648518346495900235
1177,648518346479754484
1178,648518346497623542
1179,648518346486108562
1180,648518346488454537
1181,648518346493155136
1182,648518346475398272
1183,648518346476946704
1184,648518346506616098
1185,648518346466672750
1186,648518346478968015
1187,648518346514013721
1188,648518346500883868
1189,648518346483185228
1190,648518346491594408
1191,648518346498502640
1192,648518346499650373
1193,648518346494030587
1194,648518346483984669
1195,648518346486488241
1196,648518346496756020
1197,648518346517681256
1198,648518346489931738
1199,648518346485856638
1200,648518346490200072
1201,648518346512196398
1202,648518346492316355
1203,648518346490018513
1204,648518346499338846
1205,648518346489339225
1206,648518346472479753
1207,648518346492086316
1208,648518346492910256
1209,648518346482660393
1210,648518346474538178
1211,648518346493976889
1212,648518346481085018
1213,648518346489732147
1214,648518346504389868
1215,648518346497999770
1216,648518346494730741
1217,648518346513869337
1218,648518346490947617
1219,648518346494374376
1220,648518346495354447
1221,648518346495524514
1222,648518346502313043
1223,648518346515203911
1224,648518346478566484
1225,648518346495649680
1226,648518346498000794
1227,648518346489700915
1228,648518346490376458
1229,648518346481497793
1230,648518346485424659
1231,648518346489971227
1232,648518346495236790
1233,648518346496003530
1234,648518346496586620
1235,648518346484500995
1236,648518346492230527
1237,648518346494725547
1238,648518346511846512
1239,648518346479804148
1240,648518346499731155
1241,648518346472374731
1242,648518346491628561
1243,648518346504358124
1244,648518346517372458
1245,648518346492480697
1246,648518346503623329
1247,648518346507125576
1248,648518346477580252
1249,648518346515177031
1250,648518346494095095
1251,648518346500449496
1252,648518346515695946
1253,648518346495669099
1254,648518346478847696
1255,648518346486701281
1256,648518346488672497
1257,648518346488733533
1258,648518346496769332
1259,648518346486595553
1260,648518346498358833
1261,648518346484220199
1262,648518346495703696
1263,648518346517355818
1264,648518346484603981
1265,648518346524051461
1266,648518346507448441
1267,648518346466737006
1268,648518346481677215
1269,648518346499698245
1270,648518346500951964
1271,648518346478665556
1272,648518346478671188
1273,648518346494164871
1274,648518346478897103
1275,648518346496006246
1276,648518346526171351
1277,648518346501174669
1278,648518346492064300
1279,648518346482739753
1280,648518346490802605
1281,648518346497989274
1282,648518346494502967
1283,648518346511910847
1284,648518346510991234
1285,648518346490556925
1286,648518346488379375
1287,648518346499759827
1288,648518346494757283
1289,648518346502661107
1290,648518346474542274
1291,648518346492766126
1292,648518346499901183
1293,648518346486560481
1294,648518346494388791
1295,648518346506641442
1296,648518346520499254
1297,648518346479402944
1298,648518346475318625
1299,648518346496080957
1300,648518346512165934
1301,648518346483680149
1302,648518346480111526
1303,648518346486258080
1304,648518346488939497
1305,648518346495521442
1306,648518346496766516
1307,648518346483164836
1308,648518346493144896
1309,648518346496590972
1310,648518346492648123
1311,648518346486561924
1312,648518346488902890
1313,648518346511188277
1314,648518346489519813
1315,648518346499836995
1316,648518346492771246
1317,648518346493085938
1318,648518346480374486
1319,648518346499649861
1320,648518346472248626
1321,648518346486496900
1322,648518346487992862
1323,648518346517156901
1324,648518346490089937
1325,648518346475445120
1326,648518346502971771
1327,648518346475392180
1328,648518346470401022
1329,648518346500015366
1330,648518346489760473
1331,648518346495204790
1332,648518346495760016
1333,648518346509197946
1334,648518346481456321
1335,648518346481237349
1336,648518346494213096
1337,648518346478897872
1338,648518346500002822
1339,648518346511869375
1340,648518346509933862
1341,648518346489487468
1342,648518346473007460
1343,648518346520620086
1344,648518346494166407
1345,648518346501322072
1346,648518346481006938
1347,648518346477695957
1348,648518346514102494
1349,648518346502838259
1350,648518346498261842
1351,648518346500673971
1352,648518346490045905
1353,648518346466725486
1354,648518346515068999
1355,648518346465952560
1356,648518346496235383
1357,648518346489656012
1358,648518346517422884
1359,648518346531262490
1360,648518346515510602
1361,648518346497968282
1362,648518346480051878
1363,648518346486803609
1364,648518346517285668
1365,648518346486604847
1366,648518346488577464
1367,648518346466551150
1368,648518346489724377
1369,648518346491514686
1370,648518346481254757
1371,648518346480748253
1372,648518346494708213
1373,648518346499107422
1374,648518346486479073
1375,648518346495907530
1376,648518346499919871
1377,648518346486463921
1378,648518346490345052
1379,648518346492978608
1380,648518346459573508
1381,648518346488771085
1382,648518346483161932
1383,648518346486051232
1384,648518346501845866
1385,648518346501820745
1386,648518346518253910
1387,648518346520517686
1388,648518346485875652
1389,648518346493878073
1390,648518346481680287
1391,648518346494369256
1392,648518346499434331
1393,648518346480997722
1394,648518346493899406
1395,648518346486560737
1396,648518346475539892
1397,648518346511161653
1398,648518346483173796
1399,648518346494714101
1400,648518346487993886
1401,648518346511783024
1402,648518346480354262
1403,648518346489697740
1404,648518346499324510
1405,648518346497677302
1406,648518346499827011
1407,648518346480272342
1408,648518346487690562
1409,648518346480311867
1410,648518346491604392
1411,648518346517692776
1412,648518346475435648
1413,648518346498266706
1414,648518346494293618
1415,648518346480111270
1416,648518346459596548
1417,648518346472241355
1418,648518346499720844
1419,648518346517150501
1420,648518346493995808
1421,648518346509666362
1422,648518346475450548
1423,648518346489348185
1424,648518346500790377
1425,648518346482861286
1426,648518346483237284
1427,648518346494065403
1428,648518346490979448
1429,648518346491552574
1430,648518346483197260
1431,648518346495737163
1432,648518346495996774
1433,648518346486256041
1434,648518346492983728
1435,648518346504786035
1436,648518346476992968
1437,648518346484209703
1438,648518346488600248
1439,648518346508599615
1440,648518346480341307
1441,648518346486746876
1442,648518346475839653
1443,648518346478657364
1444,648518346479078801
1445,648518346480099750
1446,648518346495559842
1447,648518346483562133
1448,648518346490346076
1449,648518346490964001
1450,648518346492900784
1451,648518346495576994
1452,648518346496648756
1453,648518346491859055
1454,648518346487960094
1455,648518346489698941
1456,648518346487686978
1457,648518346481774269
1458,648518346486021218
1459,648518346514263774
1460,648518346484667725
1461,648518346488007710
1462,648518346483168844
1463,648518346486506116
1464,648518346497814887
1465,648518346479213457
1466,648518346481032538
1467,648518346483180708
1468,648518346495375266
1469,648518346478624628
1470,648518346486584801
1471,648518346488505737
1472,648518346498345236
1473,648518346498575344
1474,648518346509090426
1475,648518346494397717
1476,648518346501832521
1477,648518346496978860
1478,648518346479477211
1479,648518346485944516
1480,648518346490895649
1481,648518346486681340
1482,648518346491977746
1483,648518346499425511
1484,648518346459589380
1485,648518346494029191
1486,648518346491507910
1487,648518346491629329
1488,648518346493748728
1489,648518346502414503
1490,648518346507369849
1491,648518346479000015
1492,648518346490370826
1493,648518346481260133
1494,648518346487524075
1495,648518346480952410
1496,648518346483164580
1497,648518346486251433
1498,648518346474380994
1499,648518346476954896
1500,648518346486051488
1501,648518346486641916
1502,648518346496749108
1503,648518346490372362
1504,648518346486676732
1505,648518346488918761
1506,648518346494396693
1507,648518346496660269
1508,648518346512185646
1509,648518346517402148
1510,648518346496670722
1511,648518346480611805
1512,648518346509763386
1513,648518346465907504
1514,648518346492576699
1515,648518346499721612
1516,648518346501245016
1517,648518346487808023
1518,648518346486215560
1519,648518346477566990
1520,648518346470435582
1521,648518346477577692
1522,648518346485861316
1523,648518346504051662
1524,648518346485363731
1525,648518346497738855
1526,648518346500755561
1527,648518346487340947
1528,648518346497654887
1529,648518346502917363
1530,648518346489888218
1531,648518346501760329
1532,648518346488762125
1533,648518346496620290
1534,648518346467218695
1535,648518346506563362
1536,648518346484545949
1537,648518346488736490
1538,648518346492247747
1539,648518346483542165
1540,648518346487897168
1541,648518346517270596
1542,648518346517321770
1543,648518346487235219
1544,648518346490825249
1545,648518346504753011
1546,648518346497085208
1547,648518346496533812
1548,648518346492427193
1549,648518346480747741
1550,648518346490916899
1551,648518346477965269
1552,648518346515097927
1553,648518346489437381
1554,648518346474290114
1555,648518346508758079
1556,648518346493134912
1557,648518346492228735
1558,648518346496713188
1559,648518346526212055
1560,648518346475249249
1561,648518346517184298
1562,648518346500270808
1563,648518346504771187
1564,648518346484121383
1565,648518346501401176
1566,648518346489308761
1567,648518346491811695
1568,648518346478808783
1569,648518346494388535
1570,648518346459413252
1571,648518346491141921
1572,648518346496620802
1573,648518346485747070
1574,648518346486793699
1575,648518346495873482
1576,648518346512394398
1577,648518346514116907
1578,648518346479824884
1579,648518346498080082
1580,648518346507111455
1581,648518346476911816
1582,648518346488317833
1583,648518346489334361
1584,648518346491631166
1585,648518346500740457
1586,648518346495579243
1587,648518346497095553
1588,648518346500696732
1589,648518346479679717
1590,648518346492651451
1591,648518346496749101
1592,648518346501334115
1593,648518346489975735
1594,648518346491804783
1595,648518346517270340
1596,648518346472239051
1597,648518346488931049
1598,648518346495646882
1599,648518346472248370
1600,648518346489565145
1601,648518346494690805
1602,648518346503562913
1603,648518346491775627
1604,648518346470412798
1605,648518346472372171
1606,648518346496706605
1607,648518346507326073
1608,648518346520184913
1609,648518346487806487
1610,648518346491468305
1611,648518346520525622
1612,648518346488558520
1613,648518346515626058
1614,648518346479177361
1615,648518346481721277
1616,648518346489987867
1617,648518346472332747
1618,648518346494027771
1619,648518346497756519
1620,648518346507246201
1621,648518346520534838
1622,648518346531292442
1623,648518346517304868
1624,648518346472591625
1625,648518346483112268
1626,648518346496764930
1627,648518346501759561
1628,648518346480780765
1629,648518346489568527
1630,648518346495247030
1631,648518346489881562
1632,648518346512610718
1633,648518346492447931
1634,648518346489939383
1635,648518346495340879
1636,648518346496068157
1637,648518346486241440
1638,648518346493092380
1639,648518346503968206
1640,648518346471804059
1641,648518346494803883
1642,648518346517217829
1643,648518346482700518
1644,648518346499642067
1645,648518346499816959
1646,648518346487847703
1647,648518346499584837
1648,648518346486808803
1649,648518346487677506
1650,648518346488603726
1651,648518346488572344
1652,648518346504054568
1653,648518346466711918
1654,648518346499375710
1655,648518346479095996
1656,648518346477884909
1657,648518346486521220
1658,648518346496694061
1659,648518346493957131
1660,648518346517780584
1661,648518346484631117
1662,648518346481011802
1663,648518346485795454
1664,648518346477869781
1665,648518346507414905
1666,648518346485382931
1667,648518346486547681
1668,648518346481677983
1669,648518346491516990
1670,648518346497652071
1671,648518346501053974
1672,648518346520201553
1673,648518346485879236
1674,648518346495966476
1675,648518346496258167
1676,648518346492938780
1677,648518346479820020
1678,648518346494687221
1679,648518346500880489
1680,648518346481778109
1681,648518346517373220
1682,648518346492600251
1683,648518346492242115
1684,648518346501162893
1685,648518346514365383
1686,648518346475314529
1687,648518346487354259
1688,648518346477512718
1689,648518346498395185
1690,648518346506624802
1691,648518346486260128
1692,648518346481307535
1693,648518346494730485
1694,648518346497013676
1695,648518346489404505
1696,648518346497061036
1697,648518346488634552
1698,648518346489699159
1699,648518346500934556
1700,648518346486175074
1701,648518346500863388
1702,648518346487605995
1703,648518346488828765
1704,648518346495765067
1705,648518346494780554
1706,648518346507217183
1707,648518346485390355
1708,648518346491638801
1709,648518346502350419
1710,648518346502992507
1711,648518346511104130
1712,648518346507398777
1713,648518346472263730
1714,648518346480560129
1715,648518346483946269
1716,648518346514386631
1717,648518346510992514
1718,648518346480379350
1719,648518346497805415
1720,648518346496744962
1721,648518346481618847
1722,648518346499973631
1723,648518346486487729
1724,648518346476569974
1725,648518346490200328
1726,648518346496257143
1727,648518346496737581
1728,648518346487932240
1729,648518346492804782
1730,648518346495254198
1731,648518346496805092
1732,648518346501836138
1733,648518346477534222
1734,648518346492426169
1735,648518346486634209
1736,648518346489694551
1737,648518346493694456
1738,648518346501817161
1739,648518346495975782
1740,648518346497220225
1741,648518346489707724
1742,648518346489903834
1743,648518346491065121
1744,648518346465987376
1745,648518346479713942
1746,648518346490631144
1747,648518346496741421
1748,648518346486794649
1749,648518346496022284
1750,648518346498501104
1751,648518346486610913
1752,648518346515668474
1753,648518346480508417
1754,648518346486132616
1755,648518346484259111
1756,648518346489740595
1757,648518346508779839
1758,648518346491640337
1759,648518346486597089
1760,648518346489427653
1761,648518346477852397
1762,648518346495923402
1763,648518346486558157
1764,648518346475307105
1765,648518346495235254
1766,648518346499405287
1767,648518346503571617
1768,648518346503576225
1769,648518346514170078
1770,648518346518662879
1771,648518346486727577
1772,648518346499744723
1773,648518346482857125
1774,648518346486101384
1775,648518346488006174
1776,648518346506588706
1777,648518346490928675
1778,648518346483664559
1779,648518346498282834
1780,648518346470359038
1781,648518346499841859
1782,648518346502463399
1783,648518346507220767
1784,648518346503569825
1785,648518346491862639
1786,648518346491409338
1787,648518346472463819
1788,648518346493928590
1789,648518346491927314
1790,648518346494724853
1791,648518346504013096
1792,648518346494409237
